nSoil_Types	1571
ID	CLAY[%]	SAND[%]	Bd_mu[gcm-3]	nSamples
1	17	48	0.9	1
2	17	49	0.9	2
3	17	50	0.9	3
4	17	51	0.9	4
5	17	52	0.9	5
6	17	53	0.9	6
7	17	54	0.9	7
8	17	55	0.9	8
9	17	56	0.9	9
10	17	57	0.9	10
11	18	42	0.9	11
12	18	43	0.9	12
13	18	44	0.9	13
14	18	45	0.9	14
15	18	46	0.9	15
16	18	47	0.9	16
17	18	48	0.9	17
18	18	49	0.9	18
19	18	50	0.9	19
20	18	51	0.9	20
21	18	52	0.9	21
22	18	53	0.9	22
23	18	54	0.9	23
24	18	55	0.9	24
25	18	56	0.9	25
26	19	41	0.9	26
27	19	42	0.9	27
28	19	43	0.9	28
29	19	44	0.9	29
30	19	45	0.9	30
31	19	46	0.9	31
32	19	47	0.9	32
33	19	48	0.9	33
34	19	49	0.9	34
35	19	50	0.9	35
36	19	51	0.9	36
37	19	52	0.9	37
38	19	53	0.9	38
39	19	54	0.9	39
40	20	41	0.9	40
41	20	42	0.9	41
42	20	43	0.9	42
43	20	44	0.9	43
44	20	45	0.9	44
45	20	46	0.9	45
46	20	47	0.9	46
47	20	48	0.9	47
48	20	49	0.9	48
49	20	50	0.9	49
50	20	51	0.9	50
51	20	52	0.9	51
52	20	53	0.9	52
53	20	54	0.9	53
54	20	55	0.9	54
55	21	40	0.9	55
56	21	41	0.9	56
57	21	42	0.9	57
58	21	43	0.9	58
59	21	44	0.9	59
60	21	45	0.9	60
61	21	46	0.9	61
62	21	47	0.9	62
63	21	48	0.9	63
64	21	49	0.9	64
65	21	50	0.9	65
66	21	51	0.9	66
67	21	52	0.9	67
68	22	39	0.9	68
69	22	40	0.9	69
70	22	41	0.9	70
71	22	42	0.9	71
72	22	43	0.9	72
73	22	44	0.9	73
74	22	45	0.9	74
75	22	46	0.9	75
76	22	47	0.9	76
77	22	48	0.9	77
78	22	49	0.9	78
79	22	50	0.9	79
80	22	51	0.9	80
81	22	52	0.9	81
82	23	39	0.9	82
83	23	40	0.9	83
84	23	41	0.9	84
85	23	42	0.9	85
86	23	43	0.9	86
87	23	44	0.9	87
88	23	46	0.9	88
89	23	47	0.9	89
90	24	38	0.9	90
91	24	39	0.9	91
92	24	40	0.9	92
93	24	41	0.9	93
94	24	42	0.9	94
95	24	43	0.9	95
96	24	44	0.9	96
97	25	42	0.9	97
98	25	43	0.9	98
99	14	49	1	99
100	15	44	1	100
101	15	45	1	101
102	15	46	1	102
103	15	47	1	103
104	15	48	1	104
105	15	49	1	105
106	15	50	1	106
107	15	57	1	107
108	15	59	1	108
109	16	42	1	109
110	16	43	1	110
111	16	44	1	111
112	16	45	1	112
113	16	46	1	113
114	16	47	1	114
115	16	48	1	115
116	16	49	1	116
117	16	50	1	117
118	16	51	1	118
119	16	52	1	119
120	16	53	1	120
121	16	54	1	121
122	16	55	1	122
123	16	56	1	123
124	16	57	1	124
125	16	58	1	125
126	16	59	1	126
127	16	60	1	127
128	17	40	1	128
129	17	41	1	129
130	17	42	1	130
131	17	43	1	131
132	17	44	1	132
133	17	45	1	133
134	17	46	1	134
135	17	47	1	135
136	17	48	1	136
137	17	49	1	137
138	17	50	1	138
139	17	51	1	139
140	17	52	1	140
141	17	53	1	141
142	17	54	1	142
143	17	55	1	143
144	17	56	1	144
145	17	57	1	145
146	17	58	1	146
147	17	59	1	147
148	17	60	1	148
149	18	41	1	149
150	18	42	1	150
151	18	43	1	151
152	18	44	1	152
153	18	45	1	153
154	18	46	1	154
155	18	47	1	155
156	18	48	1	156
157	18	49	1	157
158	18	50	1	158
159	18	51	1	159
160	18	52	1	160
161	18	53	1	161
162	18	54	1	162
163	18	55	1	163
164	18	56	1	164
165	18	57	1	165
166	18	58	1	166
167	18	59	1	167
168	19	40	1	168
169	19	41	1	169
170	19	42	1	170
171	19	43	1	171
172	19	44	1	172
173	19	45	1	173
174	19	46	1	174
175	19	47	1	175
176	19	48	1	176
177	19	49	1	177
178	19	50	1	178
179	19	51	1	179
180	19	52	1	180
181	19	53	1	181
182	19	54	1	182
183	19	55	1	183
184	19	56	1	184
185	19	57	1	185
186	19	58	1	186
187	20	38	1	187
188	20	39	1	188
189	20	40	1	189
190	20	41	1	190
191	20	42	1	191
192	20	43	1	192
193	20	44	1	193
194	20	45	1	194
195	20	46	1	195
196	20	47	1	196
197	20	48	1	197
198	20	49	1	198
199	20	50	1	199
200	20	51	1	200
201	20	52	1	201
202	20	53	1	202
203	20	54	1	203
204	20	55	1	204
205	20	56	1	205
206	21	37	1	206
207	21	38	1	207
208	21	39	1	208
209	21	40	1	209
210	21	41	1	210
211	21	42	1	211
212	21	43	1	212
213	21	44	1	213
214	21	45	1	214
215	21	46	1	215
216	21	47	1	216
217	21	48	1	217
218	21	49	1	218
219	21	50	1	219
220	21	51	1	220
221	21	52	1	221
222	21	53	1	222
223	21	54	1	223
224	21	55	1	224
225	22	37	1	225
226	22	38	1	226
227	22	39	1	227
228	22	40	1	228
229	22	41	1	229
230	22	42	1	230
231	22	43	1	231
232	22	44	1	232
233	22	45	1	233
234	22	46	1	234
235	22	47	1	235
236	22	48	1	236
237	22	49	1	237
238	22	50	1	238
239	22	51	1	239
240	22	52	1	240
241	22	53	1	241
242	23	36	1	242
243	23	37	1	243
244	23	38	1	244
245	23	39	1	245
246	23	40	1	246
247	23	41	1	247
248	23	42	1	248
249	23	43	1	249
250	23	44	1	250
251	23	45	1	251
252	23	46	1	252
253	23	47	1	253
254	23	48	1	254
255	23	49	1	255
256	23	50	1	256
257	23	51	1	257
258	23	52	1	258
259	23	53	1	259
260	24	36	1	260
261	24	37	1	261
262	24	38	1	262
263	24	39	1	263
264	24	40	1	264
265	24	41	1	265
266	24	42	1	266
267	24	43	1	267
268	24	44	1	268
269	24	45	1	269
270	24	46	1	270
271	24	47	1	271
272	24	48	1	272
273	24	50	1	273
274	25	36	1	274
275	25	37	1	275
276	25	38	1	276
277	25	39	1	277
278	25	40	1	278
279	25	41	1	279
280	25	42	1	280
281	25	43	1	281
282	25	44	1	282
283	26	37	1	283
284	26	38	1	284
285	26	39	1	285
286	26	40	1	286
287	26	41	1	287
288	26	42	1	288
289	26	43	1	289
290	27	37	1	290
291	27	41	1	291
292	15	53	1.1	292
293	15	54	1.1	293
294	15	55	1.1	294
295	15	56	1.1	295
296	15	57	1.1	296
297	15	58	1.1	297
298	15	59	1.1	298
299	15	60	1.1	299
300	15	62	1.1	300
301	16	45	1.1	301
302	16	48	1.1	302
303	16	50	1.1	303
304	16	51	1.1	304
305	16	52	1.1	305
306	16	53	1.1	306
307	16	54	1.1	307
308	16	55	1.1	308
309	16	56	1.1	309
310	16	57	1.1	310
311	16	58	1.1	311
312	16	59	1.1	312
313	16	60	1.1	313
314	16	61	1.1	314
315	17	40	1.1	315
316	17	42	1.1	316
317	17	43	1.1	317
318	17	44	1.1	318
319	17	45	1.1	319
320	17	46	1.1	320
321	17	47	1.1	321
322	17	48	1.1	322
323	17	49	1.1	323
324	17	50	1.1	324
325	17	51	1.1	325
326	17	52	1.1	326
327	17	53	1.1	327
328	17	54	1.1	328
329	17	55	1.1	329
330	17	56	1.1	330
331	17	57	1.1	331
332	17	58	1.1	332
333	17	59	1.1	333
334	18	38	1.1	334
335	18	39	1.1	335
336	18	40	1.1	336
337	18	41	1.1	337
338	18	42	1.1	338
339	18	43	1.1	339
340	18	44	1.1	340
341	18	45	1.1	341
342	18	46	1.1	342
343	18	47	1.1	343
344	18	48	1.1	344
345	18	49	1.1	345
346	18	50	1.1	346
347	18	51	1.1	347
348	18	52	1.1	348
349	18	53	1.1	349
350	18	54	1.1	350
351	18	55	1.1	351
352	18	56	1.1	352
353	18	57	1.1	353
354	18	58	1.1	354
355	19	37	1.1	355
356	19	38	1.1	356
357	19	39	1.1	357
358	19	40	1.1	358
359	19	41	1.1	359
360	19	42	1.1	360
361	19	43	1.1	361
362	19	44	1.1	362
363	19	45	1.1	363
364	19	46	1.1	364
365	19	47	1.1	365
366	19	48	1.1	366
367	19	49	1.1	367
368	19	50	1.1	368
369	19	51	1.1	369
370	19	52	1.1	370
371	19	53	1.1	371
372	19	54	1.1	372
373	19	55	1.1	373
374	19	56	1.1	374
375	19	57	1.1	375
376	20	37	1.1	376
377	20	38	1.1	377
378	20	39	1.1	378
379	20	40	1.1	379
380	20	41	1.1	380
381	20	42	1.1	381
382	20	43	1.1	382
383	20	44	1.1	383
384	20	45	1.1	384
385	20	46	1.1	385
386	20	47	1.1	386
387	20	48	1.1	387
388	20	49	1.1	388
389	20	50	1.1	389
390	20	51	1.1	390
391	20	52	1.1	391
392	20	53	1.1	392
393	20	54	1.1	393
394	20	55	1.1	394
395	20	56	1.1	395
396	20	57	1.1	396
397	21	36	1.1	397
398	21	37	1.1	398
399	21	38	1.1	399
400	21	39	1.1	400
401	21	40	1.1	401
402	21	41	1.1	402
403	21	42	1.1	403
404	21	43	1.1	404
405	21	44	1.1	405
406	21	45	1.1	406
407	21	46	1.1	407
408	21	47	1.1	408
409	21	48	1.1	409
410	21	49	1.1	410
411	21	50	1.1	411
412	21	51	1.1	412
413	21	52	1.1	413
414	21	53	1.1	414
415	21	54	1.1	415
416	21	55	1.1	416
417	22	35	1.1	417
418	22	36	1.1	418
419	22	37	1.1	419
420	22	38	1.1	420
421	22	39	1.1	421
422	22	40	1.1	422
423	22	41	1.1	423
424	22	42	1.1	424
425	22	43	1.1	425
426	22	44	1.1	426
427	22	45	1.1	427
428	22	46	1.1	428
429	22	47	1.1	429
430	22	48	1.1	430
431	22	49	1.1	431
432	22	50	1.1	432
433	22	51	1.1	433
434	22	52	1.1	434
435	22	53	1.1	435
436	22	54	1.1	436
437	23	34	1.1	437
438	23	35	1.1	438
439	23	36	1.1	439
440	23	37	1.1	440
441	23	38	1.1	441
442	23	39	1.1	442
443	23	40	1.1	443
444	23	41	1.1	444
445	23	42	1.1	445
446	23	43	1.1	446
447	23	44	1.1	447
448	23	45	1.1	448
449	23	46	1.1	449
450	23	47	1.1	450
451	23	48	1.1	451
452	23	49	1.1	452
453	23	50	1.1	453
454	23	51	1.1	454
455	23	52	1.1	455
456	23	53	1.1	456
457	24	34	1.1	457
458	24	35	1.1	458
459	24	36	1.1	459
460	24	37	1.1	460
461	24	38	1.1	461
462	24	39	1.1	462
463	24	40	1.1	463
464	24	41	1.1	464
465	24	42	1.1	465
466	24	43	1.1	466
467	24	44	1.1	467
468	24	45	1.1	468
469	24	46	1.1	469
470	24	47	1.1	470
471	24	48	1.1	471
472	24	49	1.1	472
473	24	50	1.1	473
474	24	51	1.1	474
475	24	52	1.1	475
476	25	34	1.1	476
477	25	35	1.1	477
478	25	36	1.1	478
479	25	37	1.1	479
480	25	38	1.1	480
481	25	39	1.1	481
482	25	40	1.1	482
483	25	41	1.1	483
484	25	42	1.1	484
485	25	43	1.1	485
486	25	44	1.1	486
487	25	45	1.1	487
488	25	46	1.1	488
489	25	47	1.1	489
490	25	48	1.1	490
491	25	49	1.1	491
492	25	50	1.1	492
493	25	51	1.1	493
494	26	35	1.1	494
495	26	36	1.1	495
496	26	37	1.1	496
497	26	38	1.1	497
498	26	39	1.1	498
499	26	40	1.1	499
500	26	41	1.1	500
501	26	42	1.1	501
502	26	43	1.1	502
503	26	44	1.1	503
504	26	45	1.1	504
505	26	46	1.1	505
506	26	47	1.1	506
507	26	48	1.1	507
508	26	49	1.1	508
509	26	50	1.1	509
510	27	36	1.1	510
511	27	37	1.1	511
512	27	38	1.1	512
513	27	39	1.1	513
514	27	40	1.1	514
515	27	41	1.1	515
516	27	42	1.1	516
517	27	43	1.1	517
518	27	44	1.1	518
519	27	45	1.1	519
520	27	46	1.1	520
521	27	47	1.1	521
522	27	48	1.1	522
523	28	37	1.1	523
524	28	38	1.1	524
525	28	39	1.1	525
526	28	40	1.1	526
527	28	41	1.1	527
528	28	42	1.1	528
529	28	43	1.1	529
530	28	44	1.1	530
531	28	45	1.1	531
532	29	37	1.1	532
533	29	40	1.1	533
534	29	41	1.1	534
535	29	42	1.1	535
536	14	57	1.2	536
537	14	58	1.2	537
538	15	54	1.2	538
539	15	55	1.2	539
540	15	56	1.2	540
541	15	57	1.2	541
542	15	58	1.2	542
543	15	59	1.2	543
544	15	60	1.2	544
545	15	61	1.2	545
546	15	62	1.2	546
547	16	54	1.2	547
548	16	55	1.2	548
549	16	56	1.2	549
550	16	57	1.2	550
551	16	58	1.2	551
552	16	59	1.2	552
553	16	60	1.2	553
554	16	61	1.2	554
555	16	62	1.2	555
556	17	45	1.2	556
557	17	46	1.2	557
558	17	47	1.2	558
559	17	48	1.2	559
560	17	49	1.2	560
561	17	51	1.2	561
562	17	52	1.2	562
563	17	53	1.2	563
564	17	54	1.2	564
565	17	55	1.2	565
566	17	56	1.2	566
567	17	57	1.2	567
568	17	58	1.2	568
569	17	59	1.2	569
570	17	60	1.2	570
571	18	38	1.2	571
572	18	39	1.2	572
573	18	40	1.2	573
574	18	41	1.2	574
575	18	42	1.2	575
576	18	43	1.2	576
577	18	44	1.2	577
578	18	45	1.2	578
579	18	46	1.2	579
580	18	47	1.2	580
581	18	48	1.2	581
582	18	49	1.2	582
583	18	50	1.2	583
584	18	51	1.2	584
585	18	52	1.2	585
586	18	53	1.2	586
587	18	54	1.2	587
588	18	55	1.2	588
589	18	56	1.2	589
590	18	57	1.2	590
591	18	58	1.2	591
592	18	59	1.2	592
593	18	60	1.2	593
594	19	36	1.2	594
595	19	37	1.2	595
596	19	38	1.2	596
597	19	39	1.2	597
598	19	40	1.2	598
599	19	41	1.2	599
600	19	42	1.2	600
601	19	43	1.2	601
602	19	44	1.2	602
603	19	45	1.2	603
604	19	46	1.2	604
605	19	47	1.2	605
606	19	48	1.2	606
607	19	49	1.2	607
608	19	50	1.2	608
609	19	51	1.2	609
610	19	52	1.2	610
611	19	53	1.2	611
612	19	54	1.2	612
613	19	55	1.2	613
614	19	56	1.2	614
615	19	57	1.2	615
616	19	58	1.2	616
617	20	36	1.2	617
618	20	37	1.2	618
619	20	38	1.2	619
620	20	39	1.2	620
621	20	40	1.2	621
622	20	41	1.2	622
623	20	42	1.2	623
624	20	43	1.2	624
625	20	44	1.2	625
626	20	45	1.2	626
627	20	46	1.2	627
628	20	47	1.2	628
629	20	48	1.2	629
630	20	49	1.2	630
631	20	50	1.2	631
632	20	51	1.2	632
633	20	52	1.2	633
634	20	53	1.2	634
635	20	54	1.2	635
636	20	55	1.2	636
637	20	56	1.2	637
638	20	57	1.2	638
639	20	58	1.2	639
640	21	36	1.2	640
641	21	37	1.2	641
642	21	38	1.2	642
643	21	39	1.2	643
644	21	40	1.2	644
645	21	41	1.2	645
646	21	42	1.2	646
647	21	43	1.2	647
648	21	44	1.2	648
649	21	45	1.2	649
650	21	46	1.2	650
651	21	47	1.2	651
652	21	48	1.2	652
653	21	49	1.2	653
654	21	50	1.2	654
655	21	51	1.2	655
656	21	52	1.2	656
657	21	53	1.2	657
658	21	54	1.2	658
659	21	55	1.2	659
660	22	35	1.2	660
661	22	36	1.2	661
662	22	37	1.2	662
663	22	38	1.2	663
664	22	39	1.2	664
665	22	40	1.2	665
666	22	41	1.2	666
667	22	42	1.2	667
668	22	43	1.2	668
669	22	44	1.2	669
670	22	45	1.2	670
671	22	46	1.2	671
672	22	47	1.2	672
673	22	48	1.2	673
674	22	49	1.2	674
675	22	50	1.2	675
676	22	51	1.2	676
677	22	52	1.2	677
678	22	53	1.2	678
679	22	54	1.2	679
680	22	55	1.2	680
681	23	35	1.2	681
682	23	36	1.2	682
683	23	37	1.2	683
684	23	38	1.2	684
685	23	39	1.2	685
686	23	40	1.2	686
687	23	41	1.2	687
688	23	42	1.2	688
689	23	43	1.2	689
690	23	44	1.2	690
691	23	45	1.2	691
692	23	46	1.2	692
693	23	47	1.2	693
694	23	48	1.2	694
695	23	49	1.2	695
696	23	50	1.2	696
697	23	51	1.2	697
698	23	52	1.2	698
699	23	53	1.2	699
700	23	54	1.2	700
701	23	55	1.2	701
702	24	34	1.2	702
703	24	35	1.2	703
704	24	36	1.2	704
705	24	37	1.2	705
706	24	38	1.2	706
707	24	39	1.2	707
708	24	40	1.2	708
709	24	41	1.2	709
710	24	42	1.2	710
711	24	43	1.2	711
712	24	44	1.2	712
713	24	45	1.2	713
714	24	46	1.2	714
715	24	47	1.2	715
716	24	48	1.2	716
717	24	49	1.2	717
718	24	50	1.2	718
719	24	51	1.2	719
720	24	52	1.2	720
721	24	53	1.2	721
722	24	54	1.2	722
723	25	33	1.2	723
724	25	34	1.2	724
725	25	35	1.2	725
726	25	36	1.2	726
727	25	37	1.2	727
728	25	38	1.2	728
729	25	39	1.2	729
730	25	40	1.2	730
731	25	41	1.2	731
732	25	42	1.2	732
733	25	43	1.2	733
734	25	44	1.2	734
735	25	45	1.2	735
736	25	46	1.2	736
737	25	47	1.2	737
738	25	48	1.2	738
739	25	49	1.2	739
740	25	50	1.2	740
741	25	51	1.2	741
742	25	52	1.2	742
743	26	35	1.2	743
744	26	36	1.2	744
745	26	37	1.2	745
746	26	38	1.2	746
747	26	39	1.2	747
748	26	40	1.2	748
749	26	41	1.2	749
750	26	42	1.2	750
751	26	43	1.2	751
752	26	44	1.2	752
753	26	45	1.2	753
754	26	46	1.2	754
755	26	47	1.2	755
756	26	48	1.2	756
757	26	49	1.2	757
758	26	50	1.2	758
759	26	51	1.2	759
760	27	35	1.2	760
761	27	36	1.2	761
762	27	37	1.2	762
763	27	38	1.2	763
764	27	39	1.2	764
765	27	40	1.2	765
766	27	41	1.2	766
767	27	42	1.2	767
768	27	43	1.2	768
769	27	44	1.2	769
770	27	45	1.2	770
771	27	46	1.2	771
772	27	47	1.2	772
773	27	48	1.2	773
774	28	36	1.2	774
775	28	37	1.2	775
776	28	38	1.2	776
777	28	39	1.2	777
778	28	40	1.2	778
779	28	41	1.2	779
780	28	42	1.2	780
781	28	43	1.2	781
782	28	44	1.2	782
783	28	45	1.2	783
784	28	46	1.2	784
785	28	47	1.2	785
786	29	37	1.2	786
787	29	38	1.2	787
788	29	39	1.2	788
789	29	40	1.2	789
790	29	41	1.2	790
791	29	42	1.2	791
792	29	43	1.2	792
793	29	44	1.2	793
794	30	38	1.2	794
795	30	39	1.2	795
796	30	40	1.2	796
797	30	41	1.2	797
798	31	39	1.2	798
799	31	40	1.2	799
800	16	56	1.3	800
801	16	57	1.3	801
802	17	46	1.3	802
803	17	47	1.3	803
804	17	48	1.3	804
805	17	49	1.3	805
806	17	50	1.3	806
807	17	54	1.3	807
808	17	55	1.3	808
809	17	56	1.3	809
810	17	57	1.3	810
811	17	58	1.3	811
812	17	59	1.3	812
813	17	60	1.3	813
814	18	40	1.3	814
815	18	44	1.3	815
816	18	45	1.3	816
817	18	46	1.3	817
818	18	47	1.3	818
819	18	48	1.3	819
820	18	49	1.3	820
821	18	50	1.3	821
822	18	51	1.3	822
823	18	52	1.3	823
824	18	53	1.3	824
825	18	54	1.3	825
826	18	55	1.3	826
827	18	56	1.3	827
828	18	57	1.3	828
829	19	37	1.3	829
830	19	38	1.3	830
831	19	39	1.3	831
832	19	40	1.3	832
833	19	41	1.3	833
834	19	42	1.3	834
835	19	43	1.3	835
836	19	44	1.3	836
837	19	45	1.3	837
838	19	46	1.3	838
839	19	47	1.3	839
840	19	48	1.3	840
841	19	49	1.3	841
842	19	50	1.3	842
843	19	51	1.3	843
844	19	52	1.3	844
845	19	53	1.3	845
846	19	54	1.3	846
847	19	55	1.3	847
848	19	56	1.3	848
849	19	57	1.3	849
850	19	58	1.3	850
851	20	36	1.3	851
852	20	37	1.3	852
853	20	38	1.3	853
854	20	39	1.3	854
855	20	40	1.3	855
856	20	41	1.3	856
857	20	42	1.3	857
858	20	43	1.3	858
859	20	44	1.3	859
860	20	45	1.3	860
861	20	46	1.3	861
862	20	47	1.3	862
863	20	48	1.3	863
864	20	49	1.3	864
865	20	50	1.3	865
866	20	51	1.3	866
867	20	52	1.3	867
868	20	53	1.3	868
869	20	54	1.3	869
870	20	55	1.3	870
871	20	56	1.3	871
872	20	57	1.3	872
873	20	58	1.3	873
874	21	36	1.3	874
875	21	37	1.3	875
876	21	38	1.3	876
877	21	39	1.3	877
878	21	40	1.3	878
879	21	41	1.3	879
880	21	42	1.3	880
881	21	43	1.3	881
882	21	44	1.3	882
883	21	45	1.3	883
884	21	46	1.3	884
885	21	47	1.3	885
886	21	48	1.3	886
887	21	49	1.3	887
888	21	50	1.3	888
889	21	51	1.3	889
890	21	52	1.3	890
891	21	53	1.3	891
892	21	54	1.3	892
893	21	55	1.3	893
894	21	56	1.3	894
895	21	57	1.3	895
896	22	35	1.3	896
897	22	36	1.3	897
898	22	37	1.3	898
899	22	38	1.3	899
900	22	39	1.3	900
901	22	40	1.3	901
902	22	41	1.3	902
903	22	42	1.3	903
904	22	43	1.3	904
905	22	44	1.3	905
906	22	45	1.3	906
907	22	46	1.3	907
908	22	47	1.3	908
909	22	48	1.3	909
910	22	49	1.3	910
911	22	50	1.3	911
912	22	51	1.3	912
913	22	52	1.3	913
914	22	53	1.3	914
915	22	54	1.3	915
916	22	55	1.3	916
917	22	56	1.3	917
918	23	35	1.3	918
919	23	36	1.3	919
920	23	37	1.3	920
921	23	38	1.3	921
922	23	39	1.3	922
923	23	40	1.3	923
924	23	41	1.3	924
925	23	42	1.3	925
926	23	43	1.3	926
927	23	44	1.3	927
928	23	45	1.3	928
929	23	46	1.3	929
930	23	47	1.3	930
931	23	48	1.3	931
932	23	49	1.3	932
933	23	50	1.3	933
934	23	51	1.3	934
935	23	52	1.3	935
936	23	53	1.3	936
937	23	54	1.3	937
938	23	55	1.3	938
939	24	34	1.3	939
940	24	35	1.3	940
941	24	36	1.3	941
942	24	37	1.3	942
943	24	38	1.3	943
944	24	39	1.3	944
945	24	40	1.3	945
946	24	41	1.3	946
947	24	42	1.3	947
948	24	43	1.3	948
949	24	44	1.3	949
950	24	45	1.3	950
951	24	46	1.3	951
952	24	47	1.3	952
953	24	48	1.3	953
954	24	49	1.3	954
955	24	50	1.3	955
956	24	51	1.3	956
957	24	52	1.3	957
958	24	53	1.3	958
959	25	34	1.3	959
960	25	35	1.3	960
961	25	36	1.3	961
962	25	37	1.3	962
963	25	38	1.3	963
964	25	39	1.3	964
965	25	40	1.3	965
966	25	41	1.3	966
967	25	42	1.3	967
968	25	43	1.3	968
969	25	44	1.3	969
970	25	45	1.3	970
971	25	46	1.3	971
972	25	47	1.3	972
973	25	48	1.3	973
974	25	49	1.3	974
975	25	50	1.3	975
976	25	51	1.3	976
977	25	52	1.3	977
978	25	53	1.3	978
979	26	34	1.3	979
980	26	35	1.3	980
981	26	36	1.3	981
982	26	37	1.3	982
983	26	38	1.3	983
984	26	39	1.3	984
985	26	40	1.3	985
986	26	41	1.3	986
987	26	42	1.3	987
988	26	43	1.3	988
989	26	44	1.3	989
990	26	45	1.3	990
991	26	46	1.3	991
992	26	47	1.3	992
993	26	48	1.3	993
994	26	49	1.3	994
995	26	50	1.3	995
996	26	51	1.3	996
997	26	52	1.3	997
998	27	35	1.3	998
999	27	36	1.3	999
1000	27	37	1.3	1000
1001	27	38	1.3	1001
1002	27	39	1.3	1002
1003	27	40	1.3	1003
1004	27	41	1.3	1004
1005	27	42	1.3	1005
1006	27	43	1.3	1006
1007	27	44	1.3	1007
1008	27	45	1.3	1008
1009	27	46	1.3	1009
1010	27	47	1.3	1010
1011	27	48	1.3	1011
1012	27	49	1.3	1012
1013	27	50	1.3	1013
1014	27	51	1.3	1014
1015	28	36	1.3	1015
1016	28	37	1.3	1016
1017	28	38	1.3	1017
1018	28	39	1.3	1018
1019	28	40	1.3	1019
1020	28	41	1.3	1020
1021	28	42	1.3	1021
1022	28	43	1.3	1022
1023	28	44	1.3	1023
1024	28	45	1.3	1024
1025	28	46	1.3	1025
1026	28	47	1.3	1026
1027	29	37	1.3	1027
1028	29	38	1.3	1028
1029	29	39	1.3	1029
1030	29	40	1.3	1030
1031	29	41	1.3	1031
1032	29	42	1.3	1032
1033	30	38	1.3	1033
1034	30	39	1.3	1034
1035	30	40	1.3	1035
1036	14	52	1.4	1036
1037	14	53	1.4	1037
1038	14	54	1.4	1038
1039	14	55	1.4	1039
1040	14	56	1.4	1040
1041	14	57	1.4	1041
1042	14	58	1.4	1042
1043	14	59	1.4	1043
1044	14	60	1.4	1044
1045	14	61	1.4	1045
1046	15	50	1.4	1046
1047	15	51	1.4	1047
1048	15	52	1.4	1048
1049	15	53	1.4	1049
1050	15	54	1.4	1050
1051	15	55	1.4	1051
1052	15	56	1.4	1052
1053	15	57	1.4	1053
1054	15	58	1.4	1054
1055	15	59	1.4	1055
1056	15	60	1.4	1056
1057	16	47	1.4	1057
1058	16	48	1.4	1058
1059	16	49	1.4	1059
1060	16	50	1.4	1060
1061	16	51	1.4	1061
1062	16	52	1.4	1062
1063	16	53	1.4	1063
1064	16	54	1.4	1064
1065	16	55	1.4	1065
1066	16	56	1.4	1066
1067	16	57	1.4	1067
1068	16	58	1.4	1068
1069	16	59	1.4	1069
1070	17	45	1.4	1070
1071	17	46	1.4	1071
1072	17	47	1.4	1072
1073	17	48	1.4	1073
1074	17	49	1.4	1074
1075	17	50	1.4	1075
1076	17	51	1.4	1076
1077	17	52	1.4	1077
1078	17	53	1.4	1078
1079	17	54	1.4	1079
1080	17	55	1.4	1080
1081	17	56	1.4	1081
1082	17	57	1.4	1082
1083	17	58	1.4	1083
1084	18	42	1.4	1084
1085	18	43	1.4	1085
1086	18	44	1.4	1086
1087	18	45	1.4	1087
1088	18	46	1.4	1088
1089	18	47	1.4	1089
1090	18	48	1.4	1090
1091	18	49	1.4	1091
1092	18	50	1.4	1092
1093	18	51	1.4	1093
1094	18	52	1.4	1094
1095	18	53	1.4	1095
1096	18	54	1.4	1096
1097	18	55	1.4	1097
1098	18	56	1.4	1098
1099	18	57	1.4	1099
1100	18	58	1.4	1100
1101	19	39	1.4	1101
1102	19	41	1.4	1102
1103	19	42	1.4	1103
1104	19	43	1.4	1104
1105	19	44	1.4	1105
1106	19	45	1.4	1106
1107	19	46	1.4	1107
1108	19	47	1.4	1108
1109	19	48	1.4	1109
1110	19	49	1.4	1110
1111	19	50	1.4	1111
1112	19	51	1.4	1112
1113	19	52	1.4	1113
1114	19	53	1.4	1114
1115	19	54	1.4	1115
1116	19	55	1.4	1116
1117	19	56	1.4	1117
1118	19	57	1.4	1118
1119	20	38	1.4	1119
1120	20	39	1.4	1120
1121	20	40	1.4	1121
1122	20	41	1.4	1122
1123	20	42	1.4	1123
1124	20	43	1.4	1124
1125	20	44	1.4	1125
1126	20	45	1.4	1126
1127	20	46	1.4	1127
1128	20	47	1.4	1128
1129	20	48	1.4	1129
1130	20	49	1.4	1130
1131	20	50	1.4	1131
1132	20	51	1.4	1132
1133	20	52	1.4	1133
1134	20	53	1.4	1134
1135	20	54	1.4	1135
1136	20	55	1.4	1136
1137	20	56	1.4	1137
1138	20	57	1.4	1138
1139	20	58	1.4	1139
1140	21	37	1.4	1140
1141	21	38	1.4	1141
1142	21	39	1.4	1142
1143	21	40	1.4	1143
1144	21	41	1.4	1144
1145	21	42	1.4	1145
1146	21	43	1.4	1146
1147	21	44	1.4	1147
1148	21	45	1.4	1148
1149	21	46	1.4	1149
1150	21	47	1.4	1150
1151	21	48	1.4	1151
1152	21	49	1.4	1152
1153	21	50	1.4	1153
1154	21	51	1.4	1154
1155	21	52	1.4	1155
1156	21	53	1.4	1156
1157	21	54	1.4	1157
1158	21	55	1.4	1158
1159	21	56	1.4	1159
1160	21	57	1.4	1160
1161	22	36	1.4	1161
1162	22	37	1.4	1162
1163	22	38	1.4	1163
1164	22	39	1.4	1164
1165	22	40	1.4	1165
1166	22	41	1.4	1166
1167	22	42	1.4	1167
1168	22	43	1.4	1168
1169	22	44	1.4	1169
1170	22	45	1.4	1170
1171	22	46	1.4	1171
1172	22	47	1.4	1172
1173	22	48	1.4	1173
1174	22	49	1.4	1174
1175	22	50	1.4	1175
1176	22	51	1.4	1176
1177	22	52	1.4	1177
1178	22	53	1.4	1178
1179	22	54	1.4	1179
1180	22	55	1.4	1180
1181	22	56	1.4	1181
1182	22	57	1.4	1182
1183	23	36	1.4	1183
1184	23	37	1.4	1184
1185	23	38	1.4	1185
1186	23	39	1.4	1186
1187	23	40	1.4	1187
1188	23	41	1.4	1188
1189	23	42	1.4	1189
1190	23	43	1.4	1190
1191	23	44	1.4	1191
1192	23	45	1.4	1192
1193	23	46	1.4	1193
1194	23	47	1.4	1194
1195	23	48	1.4	1195
1196	23	49	1.4	1196
1197	23	50	1.4	1197
1198	23	51	1.4	1198
1199	23	52	1.4	1199
1200	23	53	1.4	1200
1201	23	54	1.4	1201
1202	23	55	1.4	1202
1203	23	56	1.4	1203
1204	23	57	1.4	1204
1205	24	35	1.4	1205
1206	24	36	1.4	1206
1207	24	37	1.4	1207
1208	24	38	1.4	1208
1209	24	39	1.4	1209
1210	24	40	1.4	1210
1211	24	41	1.4	1211
1212	24	42	1.4	1212
1213	24	43	1.4	1213
1214	24	44	1.4	1214
1215	24	45	1.4	1215
1216	24	46	1.4	1216
1217	24	47	1.4	1217
1218	24	48	1.4	1218
1219	24	49	1.4	1219
1220	24	50	1.4	1220
1221	24	51	1.4	1221
1222	24	52	1.4	1222
1223	24	53	1.4	1223
1224	24	54	1.4	1224
1225	24	55	1.4	1225
1226	25	35	1.4	1226
1227	25	36	1.4	1227
1228	25	37	1.4	1228
1229	25	38	1.4	1229
1230	25	39	1.4	1230
1231	25	40	1.4	1231
1232	25	41	1.4	1232
1233	25	42	1.4	1233
1234	25	43	1.4	1234
1235	25	44	1.4	1235
1236	25	45	1.4	1236
1237	25	46	1.4	1237
1238	25	47	1.4	1238
1239	25	48	1.4	1239
1240	25	49	1.4	1240
1241	25	50	1.4	1241
1242	25	51	1.4	1242
1243	25	52	1.4	1243
1244	25	53	1.4	1244
1245	26	35	1.4	1245
1246	26	36	1.4	1246
1247	26	37	1.4	1247
1248	26	38	1.4	1248
1249	26	39	1.4	1249
1250	26	40	1.4	1250
1251	26	41	1.4	1251
1252	26	42	1.4	1252
1253	26	43	1.4	1253
1254	26	44	1.4	1254
1255	26	45	1.4	1255
1256	26	46	1.4	1256
1257	26	47	1.4	1257
1258	26	48	1.4	1258
1259	26	49	1.4	1259
1260	26	50	1.4	1260
1261	26	51	1.4	1261
1262	26	52	1.4	1262
1263	27	36	1.4	1263
1264	27	37	1.4	1264
1265	27	38	1.4	1265
1266	27	39	1.4	1266
1267	27	40	1.4	1267
1268	27	41	1.4	1268
1269	27	42	1.4	1269
1270	27	43	1.4	1270
1271	27	44	1.4	1271
1272	27	45	1.4	1272
1273	27	46	1.4	1273
1274	27	47	1.4	1274
1275	27	48	1.4	1275
1276	27	49	1.4	1276
1277	27	50	1.4	1277
1278	28	36	1.4	1278
1279	28	37	1.4	1279
1280	28	38	1.4	1280
1281	28	42	1.4	1281
1282	28	44	1.4	1282
1283	28	45	1.4	1283
1284	28	46	1.4	1284
1285	28	47	1.4	1285
1286	28	48	1.4	1286
1287	29	37	1.4	1287
1288	13	55	1.5	1288
1289	14	51	1.5	1289
1290	14	52	1.5	1290
1291	14	53	1.5	1291
1292	14	54	1.5	1292
1293	14	55	1.5	1293
1294	14	56	1.5	1294
1295	14	57	1.5	1295
1296	14	58	1.5	1296
1297	14	59	1.5	1297
1298	14	60	1.5	1298
1299	14	61	1.5	1299
1300	15	49	1.5	1300
1301	15	50	1.5	1301
1302	15	51	1.5	1302
1303	15	52	1.5	1303
1304	15	53	1.5	1304
1305	15	54	1.5	1305
1306	15	55	1.5	1306
1307	15	56	1.5	1307
1308	15	57	1.5	1308
1309	15	58	1.5	1309
1310	15	59	1.5	1310
1311	15	60	1.5	1311
1312	15	61	1.5	1312
1313	16	47	1.5	1313
1314	16	48	1.5	1314
1315	16	49	1.5	1315
1316	16	50	1.5	1316
1317	16	51	1.5	1317
1318	16	52	1.5	1318
1319	16	53	1.5	1319
1320	16	54	1.5	1320
1321	16	55	1.5	1321
1322	16	56	1.5	1322
1323	16	57	1.5	1323
1324	16	58	1.5	1324
1325	16	59	1.5	1325
1326	17	46	1.5	1326
1327	17	47	1.5	1327
1328	17	48	1.5	1328
1329	17	49	1.5	1329
1330	17	50	1.5	1330
1331	17	51	1.5	1331
1332	17	52	1.5	1332
1333	17	53	1.5	1333
1334	17	54	1.5	1334
1335	17	55	1.5	1335
1336	17	56	1.5	1336
1337	17	57	1.5	1337
1338	17	58	1.5	1338
1339	17	59	1.5	1339
1340	18	43	1.5	1340
1341	18	44	1.5	1341
1342	18	45	1.5	1342
1343	18	46	1.5	1343
1344	18	47	1.5	1344
1345	18	48	1.5	1345
1346	18	49	1.5	1346
1347	18	50	1.5	1347
1348	18	51	1.5	1348
1349	18	52	1.5	1349
1350	18	53	1.5	1350
1351	18	54	1.5	1351
1352	18	55	1.5	1352
1353	18	56	1.5	1353
1354	18	57	1.5	1354
1355	18	58	1.5	1355
1356	19	42	1.5	1356
1357	19	43	1.5	1357
1358	19	44	1.5	1358
1359	19	45	1.5	1359
1360	19	46	1.5	1360
1361	19	47	1.5	1361
1362	19	48	1.5	1362
1363	19	49	1.5	1363
1364	19	50	1.5	1364
1365	19	51	1.5	1365
1366	19	52	1.5	1366
1367	19	53	1.5	1367
1368	19	54	1.5	1368
1369	19	55	1.5	1369
1370	19	56	1.5	1370
1371	19	57	1.5	1371
1372	19	58	1.5	1372
1373	20	39	1.5	1373
1374	20	40	1.5	1374
1375	20	41	1.5	1375
1376	20	42	1.5	1376
1377	20	43	1.5	1377
1378	20	44	1.5	1378
1379	20	45	1.5	1379
1380	20	46	1.5	1380
1381	20	47	1.5	1381
1382	20	48	1.5	1382
1383	20	49	1.5	1383
1384	20	50	1.5	1384
1385	20	51	1.5	1385
1386	20	52	1.5	1386
1387	20	53	1.5	1387
1388	20	54	1.5	1388
1389	20	55	1.5	1389
1390	20	56	1.5	1390
1391	21	39	1.5	1391
1392	21	40	1.5	1392
1393	21	41	1.5	1393
1394	21	42	1.5	1394
1395	21	43	1.5	1395
1396	21	44	1.5	1396
1397	21	45	1.5	1397
1398	21	46	1.5	1398
1399	21	47	1.5	1399
1400	21	48	1.5	1400
1401	21	49	1.5	1401
1402	21	50	1.5	1402
1403	21	51	1.5	1403
1404	21	52	1.5	1404
1405	21	53	1.5	1405
1406	21	54	1.5	1406
1407	21	55	1.5	1407
1408	21	56	1.5	1408
1409	22	38	1.5	1409
1410	22	39	1.5	1410
1411	22	40	1.5	1411
1412	22	41	1.5	1412
1413	22	42	1.5	1413
1414	22	43	1.5	1414
1415	22	44	1.5	1415
1416	22	45	1.5	1416
1417	22	46	1.5	1417
1418	22	47	1.5	1418
1419	22	48	1.5	1419
1420	22	49	1.5	1420
1421	22	50	1.5	1421
1422	22	51	1.5	1422
1423	22	52	1.5	1423
1424	22	53	1.5	1424
1425	22	54	1.5	1425
1426	22	55	1.5	1426
1427	22	56	1.5	1427
1428	23	38	1.5	1428
1429	23	39	1.5	1429
1430	23	40	1.5	1430
1431	23	41	1.5	1431
1432	23	42	1.5	1432
1433	23	43	1.5	1433
1434	23	44	1.5	1434
1435	23	45	1.5	1435
1436	23	46	1.5	1436
1437	23	47	1.5	1437
1438	23	48	1.5	1438
1439	23	49	1.5	1439
1440	23	50	1.5	1440
1441	23	51	1.5	1441
1442	23	52	1.5	1442
1443	23	53	1.5	1443
1444	23	54	1.5	1444
1445	23	55	1.5	1445
1446	24	38	1.5	1446
1447	24	39	1.5	1447
1448	24	40	1.5	1448
1449	24	41	1.5	1449
1450	24	42	1.5	1450
1451	24	43	1.5	1451
1452	24	44	1.5	1452
1453	24	45	1.5	1453
1454	24	46	1.5	1454
1455	24	47	1.5	1455
1456	24	48	1.5	1456
1457	24	49	1.5	1457
1458	24	50	1.5	1458
1459	24	51	1.5	1459
1460	24	52	1.5	1460
1461	24	53	1.5	1461
1462	24	54	1.5	1462
1463	25	38	1.5	1463
1464	25	39	1.5	1464
1465	25	40	1.5	1465
1466	25	42	1.5	1466
1467	25	43	1.5	1467
1468	25	44	1.5	1468
1469	25	45	1.5	1469
1470	25	46	1.5	1470
1471	25	47	1.5	1471
1472	25	48	1.5	1472
1473	25	49	1.5	1473
1474	25	50	1.5	1474
1475	25	51	1.5	1475
1476	25	52	1.5	1476
1477	25	53	1.5	1477
1478	26	43	1.5	1478
1479	26	44	1.5	1479
1480	26	45	1.5	1480
1481	26	46	1.5	1481
1482	26	47	1.5	1482
1483	26	48	1.5	1483
1484	26	49	1.5	1484
1485	26	50	1.5	1485
1486	26	51	1.5	1486
1487	26	52	1.5	1487
1488	27	43	1.5	1488
1489	27	44	1.5	1489
1490	27	45	1.5	1490
1491	27	46	1.5	1491
1492	27	47	1.5	1492
1493	27	48	1.5	1493
1494	27	50	1.5	1494
1495	28	44	1.5	1495
1496	28	45	1.5	1496
1497	28	46	1.5	1497
1498	28	47	1.5	1498
1499	16	54	1.6	1499
1500	16	55	1.6	1500
1501	17	55	1.6	1501
1502	17	56	1.6	1502
1503	18	50	1.6	1503
1504	18	51	1.6	1504
1505	18	53	1.6	1505
1506	18	54	1.6	1506
1507	18	55	1.6	1507
1508	18	56	1.6	1508
1509	18	57	1.6	1509
1510	19	48	1.6	1510
1511	19	49	1.6	1511
1512	19	50	1.6	1512
1513	19	51	1.6	1513
1514	19	52	1.6	1514
1515	19	53	1.6	1515
1516	19	54	1.6	1516
1517	19	55	1.6	1517
1518	19	56	1.6	1518
1519	19	57	1.6	1519
1520	20	48	1.6	1520
1521	20	49	1.6	1521
1522	20	50	1.6	1522
1523	20	51	1.6	1523
1524	20	52	1.6	1524
1525	20	53	1.6	1525
1526	20	54	1.6	1526
1527	20	55	1.6	1527
1528	20	56	1.6	1528
1529	21	48	1.6	1529
1530	21	49	1.6	1530
1531	21	50	1.6	1531
1532	21	51	1.6	1532
1533	21	52	1.6	1533
1534	21	53	1.6	1534
1535	21	54	1.6	1535
1536	21	55	1.6	1536
1537	21	56	1.6	1537
1538	22	46	1.6	1538
1539	22	47	1.6	1539
1540	22	49	1.6	1540
1541	22	50	1.6	1541
1542	22	51	1.6	1542
1543	22	52	1.6	1543
1544	22	53	1.6	1544
1545	22	54	1.6	1545
1546	22	55	1.6	1546
1547	23	46	1.6	1547
1548	23	48	1.6	1548
1549	23	49	1.6	1549
1550	23	50	1.6	1550
1551	23	51	1.6	1551
1552	23	52	1.6	1552
1553	23	53	1.6	1553
1554	23	54	1.6	1554
1555	24	49	1.6	1555
1556	24	50	1.6	1556
1557	24	51	1.6	1557
1558	24	52	1.6	1558
1559	24	53	1.6	1559
1560	24	54	1.6	1560
1561	25	48	1.6	1561
1562	25	49	1.6	1562
1563	25	50	1.6	1563
1564	25	51	1.6	1564
1565	25	52	1.6	1565
1566	26	48	1.6	1566
1567	26	49	1.6	1567
1568	26	50	1.6	1568
1569	26	51	1.6	1569
1570	27	48	1.6	1570
1571	28	47	1.6	1571
